29 0.538086 0.497559 0.025391 0.018555
29 0.510254 0.439941 0.020508 0.022461
29 0.614746 0.434082 0.051758 0.041992
29 0.503906 0.416992 0.009766 0.011719
29 0.617676 0.414551 0.010742 0.008789
29 0.524902 0.411621 0.008789 0.006836
29 0.558594 0.424316 0.033203 0.040039
29 0.634766 0.410156 0.021484 0.019531
29 0.591797 0.397461 0.017578 0.007812
29 0.542969 0.396484 0.023438 0.017578
29 0.533691 0.390137 0.006836 0.006836
29 0.536621 0.367676 0.008789 0.008789
29 0.547852 0.340820 0.017578 0.021484
29 0.619141 0.327637 0.125000 0.122070
29 0.659668 0.254395 0.133789 0.135742
