62 0.383301 0.751953 0.088867 0.033203
62 0.643066 0.495605 0.071289 0.032227
62 0.177734 0.451660 0.097656 0.057617
62 0.891602 0.242188 0.011719 0.011719
62 0.919434 0.233398 0.010742 0.011719
62 0.873535 0.227539 0.010742 0.011719
62 0.883789 0.221680 0.007812 0.011719
62 0.895996 0.210449 0.008789 0.014648
62 0.922363 0.202637 0.010742 0.008789
62 0.871094 0.187012 0.013672 0.010742
62 0.894531 0.179688 0.011719 0.011719
62 0.173340 0.147461 0.043945 0.064453
62 0.523926 0.137207 0.036133 0.071289
